13754703
13755678
19102024
221000003
221000005
221000008
221000009
221000013
221000017
221000022
221000029
221000035
221000050
221000058
221000062
221000068
221000069
221000089
221000094
221000096
221000105
221000117
221000125
221000131
221000141
221000148
221000154
221000159
221000160
221000168
221000194
221000209
501811428
503660352
505033082
506642890
506764075
506779974
507022229
507628724
508159163
510060886
510360103
510698544
511179309
511189937
512382965
514752236
516654568
516739186
517209748
517319491
517379766
517393152
517718833
517816811
524174187
524303084
525492512
525825562
526057413
527277744
527330098
528310244
529965048
530285111
530500809
530860540
531000426
531115205
531155205
531160505
531230136
531235132
531370415
531475079
531615576
533423666
533510392
533525651
533535651
533575250
533615203
533645037
533725233
533820337
533885541
533960456
534000163
534055146
534060376
534430060
534510575
534850467
534875643
536210926
537228938
537453853
538193081
539231910
539565476
540328572
540370598
540980008
542540599
542561413
543018486
545310302
545857902
546302800
548976829
549949814
555213327
555270367
555715068
556036337
556066766
556075106
557100253
557657824
557663715
558575747
559062727
559641120
560041142
560775991
560993295
562220947
563997746
566741943
567222791
568320242
569727280
570335842
570758941
571462638
571841487
581680476
582747903
583403481
586049574
587741672
591562024
591801060
594907781
595744421
595940845
596320707
597055766
597768752
598231253
598245330
598496330
599026110
600641096
600666926
600684740
601082820
601122720
601172390
603465855
603805307
604437068
604880192
604970011
605655076
606185500
607311564
609087110
609501151
612034128
612897533
614515617
614608278
614663342
614870083
615110236
615285754
615350127
615395172
615450474
615705416
615785507
615825057
615945091
616050857
616060561
616070310
616075067
616075412
616215636
616300334
616485647
616610226
616755290
616785703
616860450
616870401
616911454
616982050
617215626
617230626
617910656
617925656
617986245
620453207
621246254
622878651
623678035
623821891
624623290
631513380
631750681
632090781
632478052
632696118
637777605
639930968
640166567
640292270
640870094
641046026
641711103
641872147
642316028
642507061
642752465
643212314
643337003
643505677
644013860
644644326
645140294
647262546
647406471
648340095
648512015
648840216
648894761
649868934
649984219
652214992
655199709
655876618
657146497
658872216
659843059
660796760
661196808
662622464
663302226
664535256
664983585
665427422
668971049
670477684
670735375
671828951
672290431
676636663
676821662
677516809
678034657
682755986
684647530
684733178
684811308
685152306
685206658
685420506
685427569
685442961
685487594
685556149
685590439
685680879
686331874
686410132
686427020
686490597
686534407
686832365
687725197
688270088
688390955
688560603
688980296
689473416
689520726
691635775
692225758
692587790
692745352
692837212
693220632
693463788
693671331
693705541
693799328
693967230
694810082
695310500
695966231
696275555
696661816
696678832
698448134
699311426
699785353
700681696
700783915
701491961
701616559
701676993
704710277
705065639
706061867
706475526
707778680
707795444
708666835
710020444
711131682
713685291
714770775
714775313
715097546
715400256
715952121
716055695
716411055
716721945
716931021
716981834
717323242
717580057
717975634
718048347
718170175
718385156
720621196
720974883
723336156
724716904
725112359
725244841
727169046
729783320
731140465
731247665
731375640
731725540
731775491
732950486
732981467
733249672
733593626
733763744
734954868
736542748
738670609
740924750
740990304
742035570
742910640
742970146
743195421
744075724
744240455
744954178
745552455
747214337
748765724
750205446
756935467
758291702
759670595
761964433
764504442
767054432
778942599
779690595
780475606
780894462
782007328
782689847
786887935
787650429
789600509
795159783
799989662
800824571
802815646
809337341
814525620
817163055
841313929
844114418
865840084
866920231
867050523
867150723
868270603
873510095
892370435
1006301090
1009715418
1021539424
1026916617
1029555363
1039550950
1040678477
1048788533
1048806204
1053308629
1055924951
1061617465
1062600681
1072636277
1073573740
1073928212
1074272710
1075390469
1093426950
1103710221
1104545000
1105235588
1111366801
1125203762
1126184217
1127660916
1135220291
1142950060
1148130281
1150486514
1160271147
1162746540
1172413240
1176909228
1179277378
1197127594
1200074226
1200575238
1202638406
1203448189
1205266269
1208672455
1212214208
1212852208
1215897361
1217226790
1220857623
1221346560
1224518193
1231932174
1233118068
1237707514
1247521541
1249364350
1252567243
1254790221
1255948880
1263356272
1268217295
1269068660
1273118445
1280706927
1280862731
1315493041
1316347547
1341466967
1342167539
1347474138
1349491130
1353791332
1399647113
1406605481
1412900813
1415808444
1419883419
1460905699
1461497908
1476135724
1477132366
1511098629
1516442991
1553804069
1573384756
1574868300
1585674909
1587496595
1593286694
1599893555
1602977647
1607845799
1619971143
1623048908
1625160201
1630822452
1638165278
1652902553
1665213298
1665247023
1668045586
1668202036
1677458681
1678797347
1682395464
1736185773
1753140294
1757367611
1776302029
1789083632
1794854114
1823726054
1836236102
1838336176
1840500880
100000008254075
100000080657928
100000118356039
100000179293896
100000181146364
100000186866183
100000205736643
100000208266243
100000213994129
100000214043011
100000230408103
100000240906720
100000243919747
100000250941162
100000255143074
100000256131396
100000266724595
100000284525883
100000286175502
100000296035039
100000303182408
100000320300328
100000322964589
100000336505606
100000339602167
100000350356175
100000352216497
100000355327424
100000408356066
100000415642930
100000419860285
100000427262777
100000435740358
100000454927876
100000455335196
100000462564104
100000469588410
100000472600951
100000473501768
100000493989412
100000503733929
100000503856770
100000514081368
100000541298168
100000564643913
100000570007498
100000608494139
100000608525725
100000613646703
100000627922151
100000639485805
100000640622905
100000661563019
100000664500403
100000685973936
100000687084000
100000725277644
100000729462563
100000743709141
100000744218077
100000754690264
100000769775415
100000769942030
100000822430995
100000830154950
100000836062822
100000840397187
100000855129576
100000859636465
100000861847367
100000861979583
100000878606547
100000894528748
100000897607093
100000917554427
100000925827119
100000961835872
100000969133899
100000986776480
100001021541232
100001028829707
100001029771545
100001043889661
100001045848499
100001047967449
100001050380726
100001064023265
100001065971079
100001071167020
100001089065741
100001115628493
100001116940154
100001119799051
100001143163057
100001146969514
100001169172600
100001193690421
100001220934945
100001223837779
100001241380468
100001266074137
100001295915166
100001296293085
100001324615081
100001333849548
100001344696447
100001347683679
100001414303245
100001414987073
100001416257285
100001426675224
100001427084619
100001479757226
100001518589442
100001530340280
100001544031582
100001569063109
100001605153681
100001618525436
100001639651054
100001646655089
100001647444745
100001676614227
100001682479336
100001711869798
100001783308617
100001790193934
100001792355962
100001801993509
100001823733999
100001897291954
100001898692621
100001910282218
100001956727121
100002007863689
100002066743340
100002105656508
100002160932018
100002166714512
100002382001263
100002429881630
100002459682968
100002463237775
100002471546420
100002583284301
100002617242895
100002621295221
100002641298417
100002682403744
100002687748402
100002691799101
100002757645477
100002872039404
100002910771807
100002924554604
100002991904757
100003316596026
100003352306584
100003466374699
100003483118655
100003511047682
100003559005079
100003674869504
100003690225448
100003762617858
100004014953091
100004056461192
100004079107578
100004356249857
100004631828557
100004746189231
100005730483400

